waypoints:
- latitude: 49.000063672231775
  longitude: 9.999470661589042
  yaw: 0.0
