waypoints:
  - latitude: 49.000092177605076
    longitude: 10.000341950632007
    yaw: 0.0

  - latitude: 49.000120000000000
    longitude: 10.000380000000000
    yaw: 0.0