waypoints:
  - latitude: 46.96395826448024
    longitude: 7.488872184613516
    yaw: 0.0

  - latitude: 46.96397250000000
    longitude: 7.48890650000000
    yaw: 0.0